('review', [(0, 0.06543117346153533)])
('juli', [(0, 0.017185467286610214), (1, 0.038615441813924525), (3, 0.004590378679204935), (4, 0.004190732651511157), (7, 0.015403270679109895), (10, 0.07701635339554948), (13, 0.006943043544840854)])
('21', [(0, 0.017185467286610214), (1, 0.003861544181392453), (3, 0.004590378679204935), (4, 0.002514439590906694), (5, 0.0033812057588290013), (11, 0.018733707582701226), (13, 0.002314347848280285)])
('event', [(0, 0.0828273037021731), (1, 0.006979180882982552), (7, 0.08351753123302454), (13, 0.05019417569931358)])
('august', [(0, 0.011456978191073476), (1, 0.021238492997658488), (3, 0.004590378679204935), (4, 0.00586702571211562), (5, 0.0033812057588290013), (7, 0.015403270679109895), (13, 0.01504326101382185)])
('2020', [(0, 0.005728489095536738), (1, 0.003861544181392453), (4, 0.007543318772720082), (5, 0.010143617276487004), (6, 0.046209812037329684), (7, 0.046209812037329684), (13, 0.002314347848280285)])
('first', [(0, 0.021810391153845112)])
('6', [(0, 0.010353412962771638), (4, 0.003029656513894481), (7, 0.027839177077674845), (13, 0.002091423987471399)])
('year', [(0, 0.021810391153845112)])
('2019', [(0, 0.008509251381662464), (1, 0.011472082642686999), (4, 0.007470032047263542), (5, 0.013393423312925635), (13, 0.005156691571858889)])
('weather', [(0, 0.03403700552664986), (1, 0.02007614462470225), (4, 0.006225026706052951), (5, 0.011719245398809931), (13, 0.010313383143717778)])
('signific', [(0, 0.021810391153845112)])
('wind', [(0, 0.022913956382146952), (1, 0.0019307720906962264), (4, 0.009219611833324544), (5, 0.0056353429313816695), (6, 0.046209812037329684), (7, 0.03080654135821979), (13, 0.00462869569656057)])
('76', [(0, 0.021810391153845112)])
('north', [(0, 0.012730950751629331), (3, 0.010201622787729464), (5, 0.015028732106801454)])
('18', [(0, 0.021007384968277778), (1, 0.004720322341989993), (3, 0.0056112441085245275), (4, 0.005122719833054436), (5, 0.00275544019638115), (13, 0.0070726031751853395)])
('2018', [(0, 0.009249847734469796), (1, 0.0077940917539752455), (3, 0.007412129641528777), (4, 0.0020300451799350277), (5, 0.004549721853133518), (6, 0.037307719195694845), (7, 0.012435906398564948), (13, 0.001868500126662513)])
('microburst', [(0, 0.020706825925543276), (4, 0.003029656513894481), (7, 0.027839177077674845), (10, 0.1391958853883742)])
('high', [(0, 0.020706825925543276), (1, 0.003489590441491276), (4, 0.003029656513894481), (13, 0.002091423987471399)])
('4', [(0, 0.007002461656092592), (1, 0.0023601611709949963), (3, 0.0056112441085245275), (4, 0.0030736318998326614), (5, 0.00275544019638115), (13, 0.001414520635037068)])
('2017', [(0, 0.014004923312185185), (1, 0.021241450538954966), (3, 0.0056112441085245275), (4, 0.012294527599330645), (5, 0.00826632058914345), (13, 0.0070726031751853395)])
('associ', [(0, 0.03216380411661675), (13, 0.0032485979116115412)])
('new', [(0, 0.025461901503258662), (3, 0.030604868363188393), (8, 0.15404450409471493)])
('2011', [(0, 0.005728489095536738), (1, 0.013515404634873586), (3, 0.00918075735840987), (4, 0.004190732651511157), (5, 0.0056353429313816695), (10, 0.07701635339554948), (13, 0.010414565317261282)])
('2010', [(0, 0.021007384968277778), (1, 0.004720322341989993), (3, 0.0056112441085245275), (4, 0.0020490879332217744), (5, 0.00826632058914345), (13, 0.005658082540148272)])
('7', [(0, 0.005728489095536738), (1, 0.003861544181392453), (3, 0.004590378679204935), (4, 0.003352586121208925), (5, 0.0022541371725526677), (7, 0.015403270679109895), (13, 0.00462869569656057)])
('26', [(0, 0.007002461656092592), (1, 0.009440644683979985), (2, 0.05295611627420023), (4, 0.004098175866443549), (5, 0.00275544019638115), (13, 0.008487123810222407)])
('champlain', [(0, 0.021810391153845112)])
('valley', [(0, 0.021810391153845112)])
('2013', [(0, 0.007002461656092592), (1, 0.004720322341989993), (3, 0.011222488217049055), (4, 0.006147263799665323), (5, 0.0055108803927623), (13, 0.004243561905111204)])
('januari', [(0, 0.004624923867234898), (1, 0.006235273403180197), (3, 0.0037060648207643885), (4, 0.011503589352965157), (5, 0.008189499335640333), (7, 0.012435906398564948), (11, 0.030249502050563388), (13, 0.010276750696643822)])
('31', [(0, 0.005728489095536738), (1, 0.005792316272088679), (3, 0.004590378679204935), (4, 0.004190732651511157), (5, 0.0011270685862763339), (7, 0.015403270679109895), (13, 0.002314347848280285)])
('day', [(0, 0.010353412962771638), (3, 0.01659288699993865), (5, 0.0020370129569030376), (13, 0.008365695949885597)])
('anniversari', [(0, 0.021810391153845112)])
('montpeli', [(0, 0.021810391153845112)])
('ice', [(0, 0.016081902058308374), (13, 0.0032485979116115412)])
('ny', [(1, 0.010840725064375004), (3, 0.01288682217917426)])
('2023', [(1, 0.009653860453481131), (4, 0.00670517224241785), (5, 0.0033812057588290013), (8, 0.06931471805599453), (9, 0.046209812037329684), (12, 0.07701635339554948), (13, 0.0011571739241401425)])
('24', [(1, 0.020937542648947656), (4, 0.012118626055577925), (5, 0.010185064784515188), (13, 0.0062742719624141975)])
('april', [(1, 0.009653860453481131), (2, 0.04332169878499658), (3, 0.00918075735840987), (4, 0.024306249378764706), (5, 0.019160165966697673), (7, 0.015403270679109895), (13, 0.012728913165541566)])
('22', [(1, 0.007080483512984989), (3, 0.0056112441085245275), (4, 0.0010245439666108872), (5, 0.004133160294571725), (8, 0.08472978603872038), (13, 0.002829041270074136)])
('07', [(1, 0.016261087596562508), (13, 0.0032485979116115412)])
('storm', [(1, 0.054283706932884916), (3, 0.02244497643409811), (4, 0.023564511232050403), (5, 0.001377720098190575), (7, 0.01882884134193786), (13, 0.005658082540148272)])
('2021', [(1, 0.017447952207456378), (3, 0.008296443499969325), (4, 0.010603797798630686), (5, 0.026481168439739487)])
('13', [(1, 0.005792316272088679), (3, 0.004590378679204935), (4, 0.007543318772720082), (5, 0.006762411517658003), (6, 0.046209812037329684), (7, 0.03080654135821979), (13, 0.006943043544840854)])
('15', [(1, 0.0028680206606717497), (4, 0.003735016023631771), (5, 0.0016741779141157044), (9, 0.06864129447874387), (13, 0.005156691571858889)])
('3', [(1, 0.003489590441491276), (4, 0.007574141284736204), (5, 0.004074025913806075), (13, 0.002091423987471399)])
('2014', [(1, 0.010468771324473828), (4, 0.006059313027788962), (5, 0.0061110388707091125), (13, 0.0062742719624141975)])
('5', [(1, 0.003489590441491276), (4, 0.007574141284736204), (5, 0.0061110388707091125), (13, 0.004182847974942798)])
('29', [(1, 0.011472082642686999), (4, 0.003735016023631771), (5, 0.005022533742347113), (10, 0.11440215746457312), (13, 0.0034377943812392594)])
('10', [(1, 0.0028680206606717497), (3, 0.006818671636961312), (4, 0.006225026706052951), (5, 0.0016741779141157044), (13, 0.005156691571858889)])
('2008', [(1, 0.01287279978507367), (4, 0.003725380993826237), (13, 0.020573556473417683)])
('decemb', [(1, 0.004922927601994866), (3, 0.00292604471707973), (4, 0.003739817733921735), (5, 0.004310563436868676), (7, 0.009818505606200872), (8, 0.044183275227903926), (9, 0.029455516818602614), (12, 0.049092528031004355), (13, 0.00442570369561642)])
('survey', [(1, 0.014702269245767457)])
('2004', [(1, 0.004290933261691223), (4, 0.007450761987652474), (13, 0.033432029269303734)])
('verona', [(1, 0.007351134622883729)])
('1890', [(1, 0.007351134622883729)])
('01', [(1, 0.005420362532187502), (13, 0.012994391646446165)])
('14', [(1, 0.013958361765965105), (3, 0.0331857739998773), (4, 0.004544484770841722), (13, 0.004182847974942798)])
('03', [(1, 0.005420362532187502), (13, 0.0064971958232230825)])
('02', [(1, 0.005420362532187502), (13, 0.0032485979116115412)])
('sullivan', [(1, 0.007351134622883729)])
('novemb', [(1, 0.0028680206606717497), (4, 0.012450053412105902), (5, 0.013393423312925635), (7, 0.022880431492914625), (13, 0.006875588762478519)])
('16', [(1, 0.006979180882982552), (4, 0.007574141284736204), (5, 0.0061110388707091125), (13, 0.0062742719624141975)])
('09', [(1, 0.005420362532187502), (13, 0.0064971958232230825)])
('air', [(1, 0.007351134622883729)])
('cold', [(1, 0.004290933261691223), (4, 0.0018626904969131185), (11, 0.04163364975532836)])
('temperatur', [(1, 0.010840725064375004), (6, 0.1297273432703542)])
('low', [(1, 0.0028680206606717497), (3, 0.006818671636961312), (4, 0.0012450053412105901), (6, 0.06864129447874387), (13, 0.0017188971906196297)])
('climat', [(1, 0.007351134622883729)])
('amount', [(1, 0.007351134622883729)])
('excess', [(1, 0.007351134622883729)])
('charleston', [(2, 0.12161938431595708), (12, 0.21621223878392368)])
('wv', [(2, 0.16494108310095365)])
('ef', [(2, 0.0782976855309605), (4, 0.003029656513894481), (5, 0.004074025913806075), (13, 0.0062742719624141975)])
('greenup', [(2, 0.16494108310095365)])
('west', [(2, 0.12161938431595708), (5, 0.006328163086358743)])
('brief', [(3, 0.02577364435834852), (5, 0.02531265234543497)])
('1938', [(3, 0.03495440171675839)])
('long', [(3, 0.01288682217917426), (11, 0.052592166190684145)])
('island', [(3, 0.017477200858379196)])
('bertha', [(3, 0.01288682217917426), (13, 0.0032485979116115412)])
('earli', [(3, 0.052431602575137584)])
('season', [(3, 0.03495440171675839)])
('carolina', [(3, 0.01288682217917426), (11, 0.052592166190684145)])
('warren', [(3, 0.017477200858379196)])
('2005', [(3, 0.010201622787729464), (4, 0.005588071490739355), (13, 0.020573556473417683)])
('iren', [(3, 0.01288682217917426), (13, 0.0032485979116115412)])
('schohari', [(3, 0.017477200858379196)])
('herkim', [(3, 0.017477200858379196)])
('1976', [(3, 0.017477200858379196)])
('snowstorm', [(3, 0.02577364435834852), (13, 0.016242989558057707)])
('valentin', [(3, 0.01288682217917426), (13, 0.0032485979116115412)])
('weaken', [(3, 0.017477200858379196)])
('pressur', [(3, 0.017477200858379196)])
('brought', [(3, 0.017477200858379196)])
('light', [(3, 0.01288682217917426), (13, 0.0064971958232230825)])
('snow', [(3, 0.008296443499969325), (4, 0.015148282569472407), (5, 0.004074025913806075), (13, 0.01882281588724259)])
('mid', [(3, 0.017477200858379196)])
('morn', [(3, 0.01288682217917426), (6, 0.2594546865407084)])
('0', [(4, 0.006382242635103405)])
('plateau', [(4, 0.0031911213175517027)])
('cumberland', [(4, 0.015955606587758516)])
('laura', [(4, 0.0023529747872494716), (5, 0.0031640815431793713)])
('wilson', [(4, 0.015955606587758516)])
('clarksvill', [(4, 0.004705949574498943), (5, 0.0031640815431793713)])
('harvey', [(4, 0.0031911213175517027)])
('donelson', [(4, 0.0031911213175517027)])
('perri', [(4, 0.0031911213175517027)])
('lewi', [(4, 0.006382242635103405)])
('mauri', [(4, 0.0031911213175517027)])
('17', [(4, 0.009088969541683443), (5, 0.0020370129569030376), (11, 0.03385845860798292), (13, 0.004182847974942798)])
('metro', [(4, 0.0031911213175517027)])
('bedford', [(4, 0.0031911213175517027)])
('lawrenc', [(4, 0.0031911213175517027)])
('gile', [(4, 0.0031911213175517027)])
('good', [(4, 0.0031911213175517027)])
('friday', [(4, 0.0031911213175517027)])
('davidson', [(4, 0.009573363952655109)])
('cheatham', [(4, 0.0031911213175517027)])
('fentress', [(4, 0.0031911213175517027)])
('wayn', [(4, 0.0031911213175517027)])
('white', [(4, 0.0031911213175517027)])
('benton', [(4, 0.0023529747872494716), (5, 0.0031640815431793713)])
('u00a0wind', [(4, 0.0023529747872494716), (13, 0.0032485979116115412)])
('rita', [(4, 0.0031911213175517027)])
('river', [(4, 0.0018626904969131185), (5, 0.002504788684466909), (11, 0.08326729951065671)])
('ivan', [(4, 0.0031911213175517027)])
('putnam', [(4, 0.006382242635103405)])
('u00a0hickman', [(4, 0.0031911213175517027)])
('cloud', [(4, 0.0031911213175517027)])
('cannon', [(4, 0.0031911213175517027)])
('2000', [(4, 0.006382242635103405)])
('lincoln', [(4, 0.0031911213175517027)])
('1999', [(4, 0.003725380993826237), (5, 0.002504788684466909), (13, 0.005143389118354421)])
('linden', [(4, 0.0031911213175517027)])
('1995', [(4, 0.0031911213175517027)])
('lebanon', [(4, 0.0031911213175517027)])
('1988', [(4, 0.0031911213175517027)])
('1974', [(4, 0.0031911213175517027)])
('1971', [(4, 0.0023529747872494716), (13, 0.0032485979116115412)])
('red', [(4, 0.0023529747872494716), (5, 0.0031640815431793713)])
('spring', [(4, 0.0031911213175517027)])
('1969', [(4, 0.0031911213175517027)])
('middl', [(4, 0.0031911213175517027)])
('1934', [(4, 0.0031911213175517027)])
('1933', [(4, 0.006382242635103405)])
('1923', [(4, 0.0031911213175517027)])
('columbia', [(4, 0.0031911213175517027)])
('1909', [(4, 0.0031911213175517027)])
('1900', [(4, 0.0031911213175517027)])
('shreveport', [(5, 0.0042911501294557045)])
('la', [(5, 0.030038050906189936)])
('multipl', [(5, 0.017164600517822818)])
('arkansa', [(5, 0.008582300258911409)])
('caldwel', [(5, 0.0042911501294557045)])
('arklatex', [(5, 0.017164600517822818)])
('winona', [(5, 0.0042911501294557045)])
('detroit', [(5, 0.0042911501294557045)])
('three', [(5, 0.0031640815431793713), (13, 0.0032485979116115412)])
('qlcs', [(5, 0.0042911501294557045)])
('sabin', [(5, 0.0042911501294557045)])
('reklaw', [(5, 0.0042911501294557045)])
('minden', [(5, 0.0042911501294557045)])
('hail', [(5, 0.009492244629538113), (13, 0.012994391646446165)])
('state', [(5, 0.017164600517822818)])
('region', [(5, 0.012873450388367114)])
('union', [(5, 0.0042911501294557045)])
('d', [(5, 0.0042911501294557045)])
('park', [(5, 0.0042911501294557045)])
('caddo', [(5, 0.012873450388367114)])
('come', [(5, 0.008582300258911409)])
('southwest', [(5, 0.0042911501294557045)])
('waterspout', [(5, 0.0031640815431793713), (13, 0.0032485979116115412)])
('toledo', [(5, 0.0042911501294557045)])
('numer', [(5, 0.0042911501294557045)])
('larg', [(5, 0.0031640815431793713), (13, 0.0032485979116115412)])
('bossier', [(5, 0.012873450388367114)])
('citi', [(5, 0.0031640815431793713), (13, 0.0064971958232230825)])
('homer', [(5, 0.008582300258911409)])
('fork', [(5, 0.0042911501294557045)])
('line', [(5, 0.0042911501294557045)])
('south', [(5, 0.0042911501294557045)])
('hope', [(5, 0.0042911501294557045)])
('melros', [(5, 0.0042911501294557045)])
('titus', [(5, 0.0042911501294557045)])
('confirm', [(5, 0.0042911501294557045)])
('hallsvill', [(5, 0.0042911501294557045)])
('mansfield', [(5, 0.0042911501294557045)])
('pittsburg', [(5, 0.0042911501294557045)])
('rain', [(5, 0.002504788684466909), (7, 0.034232112021047756), (13, 0.0025716945591772104)])
('ef4', [(5, 0.0042911501294557045)])
('dierk', [(5, 0.0042911501294557045)])
('andrew', [(5, 0.0042911501294557045)])
('chill', [(6, 0.1759371553076839)])
('pocatello', [(7, 0.05864571843589463)])
('id', [(7, 0.05864571843589463)])
('multicar', [(7, 0.05864571843589463)])
('nws', [(8, 0.19459101490553132), (11, 0.052592166190684145)])
('drought', [(8, 0.26390573296152586)])
('inform', [(8, 0.26390573296152586)])
('issu', [(8, 0.26390573296152586)])
('solicit', [(9, 0.1759371553076839)])
('comment', [(9, 0.1759371553076839)])
('regard', [(9, 0.1759371553076839)])
('water', [(9, 0.1759371553076839)])
('twp', [(10, 0.2932285921794731)])
('begin', [(11, 0.07132587377338537)])
('1985', [(11, 0.052592166190684145), (13, 0.0064971958232230825)])
('annular', [(11, 0.07132587377338537)])
('solar', [(11, 0.07132587377338537)])
('1958', [(11, 0.07132587377338537)])
('eve', [(12, 0.2932285921794731)])
('newport', [(13, 0.004405771835751683)])
('isaia', [(13, 0.004405771835751683)])
('dorian', [(13, 0.004405771835751683)])
('hyde', [(13, 0.004405771835751683)])
('emerald', [(13, 0.008811543671503367)])
('isl', [(13, 0.008811543671503367)])
('atlant', [(13, 0.008811543671503367)])
('bank', [(13, 0.004405771835751683)])
('u00a0bethel', [(13, 0.004405771835751683)])
('jone', [(13, 0.008811543671503367)])
('u00a0wint', [(13, 0.008811543671503367)])
('cyclon', [(13, 0.004405771835751683)])
('colin', [(13, 0.004405771835751683)])
('u00a0sever', [(13, 0.004405771835751683)])
('davi', [(13, 0.004405771835751683)])
('pantego', [(13, 0.004405771835751683)])
('belhaven', [(13, 0.004405771835751683)])
('beryl', [(13, 0.004405771835751683)])
('earl', [(13, 0.004405771835751683)])
('norida', [(13, 0.004405771835751683)])
('tornad', [(13, 0.004405771835751683)])
('hanna', [(13, 0.004405771835751683)])
('downburst', [(13, 0.008811543671503367)])
('lenoir', [(13, 0.004405771835751683)])
('04', [(13, 0.008811543671503367)])
('scatter', [(13, 0.004405771835751683)])
('ernesto', [(13, 0.004405771835751683)])
('hailstorm', [(13, 0.004405771835751683)])
('ophelia', [(13, 0.004405771835751683)])
('charley', [(13, 0.008811543671503367)])
('alex', [(13, 0.004405771835751683)])
('carteret', [(13, 0.004405771835751683)])
('decad', [(13, 0.004405771835751683)])
('floyd', [(13, 0.004405771835751683)])
('tornadocan', [(13, 0.004405771835751683)])
('fran', [(13, 0.004405771835751683)])
('bob', [(13, 0.004405771835751683)])
('1986', [(13, 0.008811543671503367)])
('coldest', [(13, 0.004405771835751683)])
('centuri', [(13, 0.01321731550725505)])
('ginger', [(13, 0.004405771835751683)])
('1955', [(13, 0.008811543671503367)])
('ion', [(13, 0.004405771835751683)])
('1954', [(13, 0.004405771835751683)])
