('burlington', [(0, 0.021810391153845112)])
('vt', [(0, 0.06543117346153533)])
('2022', [(0, 0.007002461656092592), (1, 0.016521128196964975), (2, 0.05295611627420023), (4, 0.0071718077662762105), (5, 0.012399480883715177), (7, 0.07531536536775144)])
('widespread', [(0, 0.016081902058308374), (5, 0.006328163086358743)])
('sever', [(0, 0.05956475967163725), (1, 0.080304578498809), (4, 0.039840170918738885), (5, 0.010045067484694225), (13, 0.015470074715576668)])
('vermont', [(0, 0.043620782307690224)])
('2', [(0, 0.005728489095536738), (1, 0.005792316272088679), (3, 0.027542272075229614), (4, 0.005028879181813388), (5, 0.006762411517658003), (7, 0.015403270679109895), (13, 0.003471521772420427)])
('tornado', [(0, 0.004624923867234898), (1, 0.0077940917539752455), (2, 0.034975986745963916), (3, 0.0037060648207643885), (4, 0.05819462849147079), (5, 0.06187621720261584), (11, 0.015124751025281694), (13, 0.0214877514566189)])
('warn', [(0, 0.021810391153845112)])
('30', [(0, 0.004624923867234898), (1, 0.0015588183507950493), (3, 0.0037060648207643885), (4, 0.0027067269065800367), (5, 0.0027298331118801107), (7, 0.024871812797129897), (11, 0.015124751025281694), (13, 0.001868500126662513)])
('includ', [(0, 0.03216380411661675), (5, 0.0031640815431793713)])
('a', [(0, 0.012730950751629331), (3, 0.020403245575458927), (5, 0.002504788684466909)])
('gust', [(0, 0.021810391153845112)])
('mph', [(0, 0.021810391153845112)])
('hero', [(0, 0.021810391153845112)])
('june', [(0, 0.007002461656092592), (1, 0.01888128936795997), (3, 0.016833732325573583), (4, 0.009220895699497985), (5, 0.0055108803927623), (13, 0.012730685715333612)])
('waitsfield', [(0, 0.021810391153845112)])
('wet', [(0, 0.016081902058308374), (13, 0.0032485979116115412)])
('summari', [(0, 0.03216380411661675), (3, 0.01288682217917426)])
('hydro', [(0, 0.021810391153845112)])
('two', [(0, 0.016081902058308374), (5, 0.006328163086358743)])
('1', [(0, 0.005728489095536738), (1, 0.013515404634873586), (2, 0.04332169878499658), (3, 0.004590378679204935), (4, 0.008381465303022313), (5, 0.0022541371725526677), (13, 0.002314347848280285)])
('bow', [(0, 0.021810391153845112)])
('echo', [(0, 0.021810391153845112)])
('northern', [(0, 0.025461901503258662), (5, 0.005009577368933818), (13, 0.0025716945591772104)])
('york', [(0, 0.03216380411661675), (3, 0.01288682217917426)])
('damag', [(0, 0.010353412962771638), (4, 0.015148282569472407), (5, 0.00814805182761215), (13, 0.004182847974942798)])
('wx', [(0, 0.021810391153845112)])
('rout', [(0, 0.021810391153845112)])
('runner', [(0, 0.021810391153845112)])
('heavi', [(0, 0.010353412962771638), (1, 0.010468771324473828), (5, 0.004074025913806075), (7, 0.027839177077674845)])
('rainfal', [(0, 0.008509251381662464), (1, 0.00860406198201525), (4, 0.0012450053412105901), (5, 0.0016741779141157044), (12, 0.11440215746457312)])
('flood', [(0, 0.007002461656092592), (1, 0.025961772880944957), (3, 0.02244497643409811), (4, 0.016392703465774195), (5, 0.001377720098190575), (13, 0.005658082540148272)])
('23', [(0, 0.005728489095536738), (1, 0.0019307720906962264), (3, 0.004590378679204935), (4, 0.004190732651511157), (5, 0.0011270685862763339), (7, 0.015403270679109895), (13, 0.00462869569656057)])
('2012', [(0, 0.008509251381662464), (1, 0.00860406198201525), (4, 0.006225026706052951), (5, 0.008370889570578523), (13, 0.008594485953098148)])
('memori', [(0, 0.021810391153845112)])
('smoke', [(0, 0.021810391153845112)])
('25th', [(0, 0.021810391153845112)])
('jam', [(0, 0.021810391153845112)])
('march', [(0, 0.005728489095536738), (1, 0.011584632544177359), (3, 0.01836151471681974), (4, 0.014248491015137933), (5, 0.010143617276487004), (11, 0.018733707582701226), (13, 0.010414565317261282)])
('11', [(0, 0.008509251381662464), (1, 0.0028680206606717497), (4, 0.007470032047263542), (5, 0.005022533742347113), (13, 0.0034377943812392594)])
('1992', [(0, 0.016081902058308374), (5, 0.0031640815431793713)])
('binghamton', [(1, 0.007351134622883729)])
('12', [(1, 0.0057360413213434994), (3, 0.013637343273922624), (4, 0.006225026706052951), (5, 0.005022533742347113), (13, 0.015470074715576668)])
('septemb', [(1, 0.01180080585497498), (3, 0.011222488217049055), (4, 0.005122719833054436), (5, 0.001377720098190575), (11, 0.022899942172627127), (13, 0.022632330160593087)])
('25', [(1, 0.017447952207456378), (4, 0.006059313027788962), (5, 0.00814805182761215), (13, 0.0062742719624141975)])
('19', [(1, 0.013958361765965105), (4, 0.003029656513894481), (5, 0.0061110388707091125), (13, 0.002091423987471399)])
('08', [(1, 0.005420362532187502), (13, 0.0064971958232230825)])
('28', [(1, 0.009440644683979985), (3, 0.011222488217049055), (4, 0.005122719833054436), (5, 0.0055108803927623), (11, 0.022899942172627127), (13, 0.005658082540148272)])
('octob', [(1, 0.00860406198201525), (3, 0.020456014910883936), (4, 0.011205048070895313), (5, 0.010045067484694225), (13, 0.008594485953098148)])
('20', [(1, 0.0057360413213434994), (4, 0.007470032047263542), (5, 0.0033483558282314087), (6, 0.06864129447874387), (13, 0.0034377943812392594)])
('februari', [(1, 0.016521128196964975), (3, 0.02244497643409811), (4, 0.012294527599330645), (5, 0.0055108803927623), (6, 0.11297304805162715), (13, 0.008487123810222407)])
('2016', [(1, 0.021454666308456116), (4, 0.007450761987652474), (13, 0.010286778236708842)])
('8', [(1, 0.004290933261691223), (4, 0.005588071490739355), (5, 0.010019154737867636)])
('27', [(1, 0.0019307720906962264), (3, 0.004590378679204935), (4, 0.005028879181813388), (5, 0.0033812057588290013), (11, 0.018733707582701226), (12, 0.07701635339554948), (13, 0.005785869620700711)])
('thunderstorm', [(1, 0.0028680206606717497), (4, 0.006225026706052951), (5, 0.0016741779141157044), (7, 0.04576086298582925), (13, 0.008594485953098148)])
('2006', [(1, 0.010468771324473828), (3, 0.008296443499969325), (4, 0.004544484770841722), (13, 0.004182847974942798)])
('1998', [(1, 0.008581866523382446), (4, 0.0018626904969131185), (13, 0.0025716945591772104)])
('outbreak', [(1, 0.0057360413213434994), (4, 0.03112513353026476), (5, 0.006696711656462817), (11, 0.027827551815706977), (13, 0.013751177524957038)])
('1996', [(1, 0.003489590441491276), (3, 0.008296443499969325), (4, 0.0015148282569472406), (13, 0.004182847974942798)])
('2015', [(1, 0.003489590441491276), (4, 0.009088969541683443), (5, 0.00814805182761215), (13, 0.004182847974942798)])
('flash', [(1, 0.01287279978507367), (3, 0.040806491150917855), (4, 0.014901523975304948)])
('2009', [(1, 0.01716373304676489), (4, 0.013038833478391831), (13, 0.010286778236708842)])
('counti', [(1, 0.0057360413213434994), (3, 0.020456014910883936), (4, 0.04855520830721302), (5, 0.011719245398809931), (13, 0.017188971906196296)])
('2007', [(1, 0.010468771324473828), (3, 0.008296443499969325), (4, 0.004544484770841722), (13, 0.002091423987471399)])
('delawar', [(1, 0.007351134622883729)])
('lake', [(1, 0.005420362532187502), (5, 0.006328163086358743)])
('effect', [(1, 0.007351134622883729)])
('snowfal', [(1, 0.05880907698306983)])
('9', [(1, 0.0057360413213434994), (2, 0.06435121357382238), (4, 0.006225026706052951), (5, 0.010045067484694225), (13, 0.0017188971906196297)])
('arctic', [(1, 0.007351134622883729)])
('winter', [(1, 0.01287279978507367), (5, 0.007514366053400727), (7, 0.034232112021047756)])
('total', [(1, 0.005420362532187502), (12, 0.21621223878392368)])
('photo', [(1, 0.007351134622883729)])
('heat', [(1, 0.007351134622883729)])
('touch', [(2, 0.16494108310095365)])
('ky', [(2, 0.16494108310095365)])
('virginia', [(2, 0.16494108310095365)])
('derecho', [(2, 0.09627781505919682), (4, 0.013038833478391831), (13, 0.0025716945591772104)])
('1991', [(2, 0.09627781505919682), (4, 0.0018626904969131185), (13, 0.0025716945591772104)])
('albani', [(3, 0.017477200858379196)])
('1914', [(3, 0.03495440171675839)])
('great', [(3, 0.01288682217917426), (6, 0.1297273432703542)])
('hurrican', [(3, 0.013637343273922624), (4, 0.003735016023631771), (5, 0.005022533742347113), (11, 0.027827551815706977), (13, 0.04297242976549074)])
('express', [(3, 0.017477200858379196)])
('1945', [(3, 0.03495440171675839)])
('1948', [(3, 0.017477200858379196)])
('1949', [(3, 0.017477200858379196)])
('categori', [(3, 0.017477200858379196)])
('landfal', [(3, 0.017477200858379196)])
('coast', [(3, 0.03495440171675839)])
('continu', [(3, 0.017477200858379196)])
('east', [(3, 0.010201622787729464), (5, 0.045086196320404365), (7, 0.034232112021047756)])
('southeast', [(3, 0.01288682217917426), (5, 0.006328163086358743)])
('england', [(3, 0.03495440171675839)])
('tropic', [(3, 0.010201622787729464), (4, 0.003725380993826237), (13, 0.015430167355063263)])
('freez', [(3, 0.01288682217917426), (13, 0.0032485979116115412)])
('blizzard', [(3, 0.03495440171675839)])
('unpreced', [(3, 0.017477200858379196)])
('1987', [(3, 0.017477200858379196)])
('2002', [(3, 0.010201622787729464), (4, 0.007450761987652474), (13, 0.0025716945591772104)])
('s', [(3, 0.01288682217917426), (13, 0.009745793734834625)])
('easter', [(3, 0.020403245575458927), (5, 0.002504788684466909), (13, 0.0025716945591772104)])
('pi', [(3, 0.017477200858379196)])
('eastern', [(3, 0.01288682217917426), (13, 0.012994391646446165)])
('western', [(3, 0.01288682217917426), (5, 0.006328163086358743)])
('hour', [(3, 0.017477200858379196)])
('nashvill', [(4, 0.01276448527020681)])
('tn', [(4, 0.0031911213175517027)])
('franklin', [(4, 0.006382242635103405)])
('histor', [(4, 0.0031911213175517027)])
('waver', [(4, 0.0031911213175517027)])
('upper', [(4, 0.0031911213175517027)])
('major', [(4, 0.0023529747872494716), (13, 0.0032485979116115412)])
('depress', [(4, 0.0023529747872494716), (13, 0.0064971958232230825)])
('wake', [(4, 0.0031911213175517027)])
('smith', [(4, 0.009573363952655109)])
('olga', [(4, 0.0031911213175517027)])
('ef1', [(4, 0.003725380993826237), (5, 0.005009577368933818), (13, 0.0025716945591772104)])
('hickman', [(4, 0.01276448527020681)])
('humphrey', [(4, 0.0031911213175517027)])
('ef0', [(4, 0.007058924361748415), (5, 0.006328163086358743)])
('houston', [(4, 0.0031911213175517027)])
('shelbyvill', [(4, 0.0031911213175517027)])
('portland', [(4, 0.004705949574498943), (9, 0.1297273432703542)])
('halloween', [(4, 0.0031911213175517027)])
('night', [(4, 0.0031911213175517027)])
('robertson', [(4, 0.009573363952655109)])
('sumner', [(4, 0.0031911213175517027)])
('rutherford', [(4, 0.01276448527020681)])
('williamson', [(4, 0.0031911213175517027)])
('stewart', [(4, 0.0031911213175517027)])
('montgomeri', [(4, 0.0031911213175517027)])
('christian', [(4, 0.0031911213175517027)])
('super', [(4, 0.0031911213175517027)])
('coffe', [(4, 0.006382242635103405)])
('jackson', [(4, 0.0031911213175517027)])
('u00a0tornado', [(4, 0.003725380993826237), (5, 0.002504788684466909), (7, 0.034232112021047756)])
('dickson', [(4, 0.0031911213175517027)])
('duck', [(4, 0.0031911213175517027)])
('2003', [(4, 0.004705949574498943), (13, 0.0064971958232230825)])
('marshal', [(4, 0.0031911213175517027)])
('2001', [(4, 0.015955606587758516)])
('lobelvill', [(4, 0.0031911213175517027)])
('funnel', [(4, 0.0031911213175517027)])
('wartrac', [(4, 0.0031911213175517027)])
('u00a0clarksvill', [(4, 0.0031911213175517027)])
('1997', [(4, 0.0031911213175517027)])
('1994', [(4, 0.0031911213175517027)])
('waynesboro', [(4, 0.0031911213175517027)])
('1989', [(4, 0.0023529747872494716), (13, 0.0032485979116115412)])
('dekalb', [(4, 0.0031911213175517027)])
('f3', [(4, 0.0031911213175517027)])
('boil', [(4, 0.0031911213175517027)])
('tennesse', [(4, 0.0031911213175517027)])
('1963', [(4, 0.0031911213175517027)])
('u00a0joelton', [(4, 0.0031911213175517027)])
('cedar', [(4, 0.0031911213175517027)])
('hill', [(4, 0.0031911213175517027)])
('beatti', [(4, 0.0031911213175517027)])
('swamp', [(4, 0.0031911213175517027)])
('1925', [(4, 0.0031911213175517027)])
('1913', [(4, 0.0031911213175517027)])
('1910', [(4, 0.0031911213175517027)])
('1884', [(4, 0.0031911213175517027)])
('northwest', [(5, 0.047202651424012754)])
('northeast', [(5, 0.04291150129455705)])
('louisiana', [(5, 0.10298760310693691)])
('southern', [(5, 0.0042911501294557045)])
('oklahoma', [(5, 0.008582300258911409)])
('texa', [(5, 0.09440530284802551)])
('parish', [(5, 0.04291150129455705)])
('tx', [(5, 0.034329201035645636)])
('near', [(5, 0.018984489259076226), (13, 0.0032485979116115412)])
('hosston', [(5, 0.0042911501294557045)])
('rusk', [(5, 0.008582300258911409)])
('panola', [(5, 0.008582300258911409)])
('tyler', [(5, 0.0042911501294557045)])
('calion', [(5, 0.0042911501294557045)])
('ar', [(5, 0.012873450388367114)])
('angelina', [(5, 0.0042911501294557045)])
('central', [(5, 0.017164600517822818)])
('arbonn', [(5, 0.0042911501294557045)])
('soon', [(5, 0.008582300258911409)])
('delta', [(5, 0.0042911501294557045)])
('bend', [(5, 0.0042911501294557045)])
('weak', [(5, 0.0031640815431793713), (13, 0.0032485979116115412)])
('impact', [(5, 0.0042911501294557045)])
('mccurtain', [(5, 0.0042911501294557045)])
('ok', [(5, 0.0042911501294557045)])
('u00a0veri', [(5, 0.0042911501294557045)])
('grant', [(5, 0.0042911501294557045)])
('claiborn', [(5, 0.0042911501294557045)])
('winnsboro', [(5, 0.0042911501294557045)])
('straight', [(5, 0.0042911501294557045)])
('shelbi', [(5, 0.0042911501294557045)])
('soto', [(5, 0.0042911501294557045)])
('u00a0', [(5, 0.002504788684466909), (11, 0.08326729951065671), (13, 0.007715083677531632)])
('alto', [(5, 0.0042911501294557045)])
('webster', [(5, 0.008582300258911409)])
('coushatta', [(5, 0.0042911501294557045)])
('ef2', [(5, 0.0042911501294557045)])
('mixon', [(5, 0.0042911501294557045)])
('longview', [(5, 0.0042911501294557045)])
('deep', [(5, 0.0042911501294557045)])
('christma', [(5, 0.002504788684466909), (12, 0.17116056010523878), (13, 0.0025716945591772104)])
('explos', [(5, 0.0042911501294557045)])
('fall', [(6, 0.1759371553076839)])
('mt', [(6, 0.1297273432703542), (10, 0.21621223878392368)])
('idaho', [(7, 0.05864571843589463)])
('outflow', [(7, 0.05864571843589463)])
('pileup', [(7, 0.05864571843589463)])
('strong', [(7, 0.11729143687178926)])
('phoenix', [(8, 0.26390573296152586)])
('statement', [(8, 0.26390573296152586)])
('gray', [(9, 0.1759371553076839)])
('evalu', [(9, 0.1759371553076839)])
('nation', [(9, 0.1759371553076839)])
('predict', [(9, 0.1759371553076839)])
('servic', [(9, 0.1297273432703542), (11, 0.052592166190684145)])
('nwps', [(9, 0.1759371553076839)])
('websit', [(9, 0.1759371553076839)])
('philadelphia', [(10, 0.2932285921794731)])
('holli', [(10, 0.2932285921794731)])
('vernon', [(10, 0.2932285921794731)])
('wilmington', [(11, 0.07132587377338537)])
('nc', [(11, 0.052592166190684145), (13, 0.01949158746966925)])
('forecast', [(11, 0.07132587377338537)])
('waccamaw', [(11, 0.07132587377338537)])
('2024', [(11, 0.07132587377338537)])
('record', [(11, 0.07132587377338537)])
('break', [(11, 0.07132587377338537)])
('1984', [(11, 0.10518433238136829), (13, 0.0064971958232230825)])
('eclips', [(11, 0.07132587377338537)])
('helen', [(11, 0.07132587377338537)])
('sc', [(12, 0.2932285921794731)])
('morehead', [(13, 0.008811543671503367)])
('arthur', [(13, 0.004405771835751683)])
('gustnado', [(13, 0.004405771835751683)])
('hit', [(13, 0.008811543671503367)])
('beach', [(13, 0.008811543671503367)])
('u00a0waterspout', [(13, 0.004405771835751683)])
('outer', [(13, 0.004405771835751683)])
('post', [(13, 0.004405771835751683)])
('sleet', [(13, 0.004405771835751683)])
('beaufort', [(13, 0.017623087343006733)])
('minor', [(13, 0.004405771835751683)])
('sandi', [(13, 0.004405771835751683)])
('coastal', [(13, 0.017623087343006733)])
('10th', [(13, 0.004405771835751683)])
('weekend', [(13, 0.004405771835751683)])
('havelock', [(13, 0.004405771835751683)])
('top', [(13, 0.004405771835751683)])
('supercel', [(13, 0.004405771835751683)])
('06', [(13, 0.008811543671503367)])
('mother', [(13, 0.004405771835751683)])
('duplin', [(13, 0.004405771835751683)])
('05', [(13, 0.008811543671503367)])
('pitt', [(13, 0.004405771835751683)])
('martin', [(13, 0.004405771835751683)])
('gabriell', [(13, 0.004405771835751683)])
('precipit', [(13, 0.004405771835751683)])
('inch', [(13, 0.004405771835751683)])
('pamlico', [(13, 0.004405771835751683)])
('jeann', [(13, 0.004405771835751683)])
('remnant', [(13, 0.004405771835751683)])
('bonni', [(13, 0.008811543671503367)])
('kinston', [(13, 0.004405771835751683)])
('isabel', [(13, 0.004405771835751683)])
('gustav', [(13, 0.004405771835751683)])
('1993', [(13, 0.004405771835751683)])
('emili', [(13, 0.004405771835751683)])
('jacksonvill', [(13, 0.004405771835751683)])
('gloria', [(13, 0.004405771835751683)])
('diana', [(13, 0.004405771835751683)])
('1980', [(13, 0.004405771835751683)])
('conni', [(13, 0.004405771835751683)])
('hazel', [(13, 0.004405771835751683)])
