('burlington', [(0, 1)])
('vt', [(0, 3)])
('2022', [(0, 1), (1, 7), (2, 1), (4, 7), (5, 9), (7, 4)])
('widespread', [(0, 1), (5, 2)])
('sever', [(0, 7), (1, 28), (4, 32), (5, 6), (13, 9)])
('vermont', [(0, 2)])
('2', [(0, 1), (1, 3), (3, 6), (4, 6), (5, 6), (7, 1), (13, 3)])
('tornado', [(0, 1), (1, 5), (2, 1), (3, 1), (4, 86), (5, 68), (11, 1), (13, 23)])
('warn', [(0, 1)])
('30', [(0, 1), (1, 1), (3, 1), (4, 4), (5, 3), (7, 2), (11, 1), (13, 2)])
('includ', [(0, 2), (5, 1)])
('a', [(0, 1), (3, 2), (5, 1)])
('gust', [(0, 1)])
('mph', [(0, 1)])
('hero', [(0, 1)])
('june', [(0, 1), (1, 8), (3, 3), (4, 9), (5, 4), (13, 9)])
('waitsfield', [(0, 1)])
('wet', [(0, 1), (13, 1)])
('summari', [(0, 2), (3, 1)])
('hydro', [(0, 1)])
('two', [(0, 1), (5, 2)])
('1', [(0, 1), (1, 7), (2, 1), (3, 1), (4, 10), (5, 2), (13, 2)])
('bow', [(0, 1)])
('echo', [(0, 1)])
('northern', [(0, 2), (5, 2), (13, 1)])
('york', [(0, 2), (3, 1)])
('damag', [(0, 1), (4, 10), (5, 4), (13, 2)])
('wx', [(0, 1)])
('rout', [(0, 1)])
('runner', [(0, 1)])
('heavi', [(0, 1), (1, 3), (5, 2), (7, 1)])
('rainfal', [(0, 1), (1, 3), (4, 1), (5, 1), (12, 1)])
('flood', [(0, 1), (1, 11), (3, 4), (4, 16), (5, 1), (13, 4)])
('23', [(0, 1), (1, 1), (3, 1), (4, 5), (5, 1), (7, 1), (13, 4)])
('2012', [(0, 1), (1, 3), (4, 5), (5, 5), (13, 5)])
('memori', [(0, 1)])
('smoke', [(0, 1)])
('25th', [(0, 1)])
('jam', [(0, 1)])
('march', [(0, 1), (1, 6), (3, 4), (4, 17), (5, 9), (11, 1), (13, 9)])
('11', [(0, 1), (1, 1), (4, 6), (5, 3), (13, 2)])
('1992', [(0, 1), (5, 1)])
('binghamton', [(1, 1)])
('12', [(1, 2), (3, 2), (4, 5), (5, 3), (13, 9)])
('septemb', [(1, 5), (3, 2), (4, 5), (5, 1), (11, 1), (13, 16)])
('25', [(1, 5), (4, 4), (5, 4), (13, 3)])
('19', [(1, 4), (4, 2), (5, 3), (13, 1)])
('08', [(1, 1), (13, 2)])
('28', [(1, 4), (3, 2), (4, 5), (5, 4), (11, 1), (13, 4)])
('octob', [(1, 3), (3, 3), (4, 9), (5, 6), (13, 5)])
('20', [(1, 2), (4, 6), (5, 2), (6, 1), (13, 2)])
('februari', [(1, 7), (3, 4), (4, 12), (5, 4), (6, 2), (13, 6)])
('2016', [(1, 5), (4, 4), (13, 4)])
('8', [(1, 1), (4, 3), (5, 4)])
('27', [(1, 1), (3, 1), (4, 6), (5, 3), (11, 1), (12, 1), (13, 5)])
('thunderstorm', [(1, 1), (4, 5), (5, 1), (7, 2), (13, 5)])
('2006', [(1, 3), (3, 1), (4, 3), (13, 2)])
('1998', [(1, 2), (4, 1), (13, 1)])
('outbreak', [(1, 2), (4, 25), (5, 4), (11, 1), (13, 8)])
('1996', [(1, 1), (3, 1), (4, 1), (13, 2)])
('2015', [(1, 1), (4, 6), (5, 4), (13, 2)])
('flash', [(1, 3), (3, 4), (4, 8)])
('2009', [(1, 4), (4, 7), (13, 4)])
('counti', [(1, 2), (3, 3), (4, 39), (5, 7), (13, 10)])
('2007', [(1, 3), (3, 1), (4, 3), (13, 1)])
('delawar', [(1, 1)])
('lake', [(1, 1), (5, 2)])
('effect', [(1, 1)])
('snowfal', [(1, 8)])
('9', [(1, 2), (2, 1), (4, 5), (5, 6), (13, 1)])
('arctic', [(1, 1)])
('winter', [(1, 3), (5, 3), (7, 1)])
('total', [(1, 1), (12, 1)])
('photo', [(1, 1)])
('heat', [(1, 1)])
('touch', [(2, 1)])
('ky', [(2, 1)])
('virginia', [(2, 1)])
('derecho', [(2, 1), (4, 7), (13, 1)])
('1991', [(2, 1), (4, 1), (13, 1)])
('albani', [(3, 1)])
('1914', [(3, 2)])
('great', [(3, 1), (6, 1)])
('hurrican', [(3, 2), (4, 3), (5, 3), (11, 1), (13, 25)])
('express', [(3, 1)])
('1945', [(3, 2)])
('1948', [(3, 1)])
('1949', [(3, 1)])
('categori', [(3, 1)])
('landfal', [(3, 1)])
('coast', [(3, 2)])
('continu', [(3, 1)])
('east', [(3, 1), (5, 18), (7, 1)])
('southeast', [(3, 1), (5, 2)])
('england', [(3, 2)])
('tropic', [(3, 1), (4, 2), (13, 6)])
('freez', [(3, 1), (13, 1)])
('blizzard', [(3, 2)])
('unpreced', [(3, 1)])
('1987', [(3, 1)])
('2002', [(3, 1), (4, 4), (13, 1)])
('s', [(3, 1), (13, 3)])
('easter', [(3, 2), (5, 1), (13, 1)])
('pi', [(3, 1)])
('eastern', [(3, 1), (13, 4)])
('western', [(3, 1), (5, 2)])
('hour', [(3, 1)])
('nashvill', [(4, 4)])
('tn', [(4, 1)])
('franklin', [(4, 2)])
('histor', [(4, 1)])
('waver', [(4, 1)])
('upper', [(4, 1)])
('major', [(4, 1), (13, 1)])
('depress', [(4, 1), (13, 2)])
('wake', [(4, 1)])
('smith', [(4, 3)])
('olga', [(4, 1)])
('ef1', [(4, 2), (5, 2), (13, 1)])
('hickman', [(4, 4)])
('humphrey', [(4, 1)])
('ef0', [(4, 3), (5, 2)])
('houston', [(4, 1)])
('shelbyvill', [(4, 1)])
('portland', [(4, 2), (9, 1)])
('halloween', [(4, 1)])
('night', [(4, 1)])
('robertson', [(4, 3)])
('sumner', [(4, 1)])
('rutherford', [(4, 4)])
('williamson', [(4, 1)])
('stewart', [(4, 1)])
('montgomeri', [(4, 1)])
('christian', [(4, 1)])
('super', [(4, 1)])
('coffe', [(4, 2)])
('jackson', [(4, 1)])
('u00a0tornado', [(4, 2), (5, 1), (7, 1)])
('dickson', [(4, 1)])
('duck', [(4, 1)])
('2003', [(4, 2), (13, 2)])
('marshal', [(4, 1)])
('2001', [(4, 5)])
('lobelvill', [(4, 1)])
('funnel', [(4, 1)])
('wartrac', [(4, 1)])
('u00a0clarksvill', [(4, 1)])
('1997', [(4, 1)])
('1994', [(4, 1)])
('waynesboro', [(4, 1)])
('1989', [(4, 1), (13, 1)])
('dekalb', [(4, 1)])
('f3', [(4, 1)])
('boil', [(4, 1)])
('tennesse', [(4, 1)])
('1963', [(4, 1)])
('u00a0joelton', [(4, 1)])
('cedar', [(4, 1)])
('hill', [(4, 1)])
('beatti', [(4, 1)])
('swamp', [(4, 1)])
('1925', [(4, 1)])
('1913', [(4, 1)])
('1910', [(4, 1)])
('1884', [(4, 1)])
('northwest', [(5, 11)])
('northeast', [(5, 10)])
('louisiana', [(5, 24)])
('southern', [(5, 1)])
('oklahoma', [(5, 2)])
('texa', [(5, 22)])
('parish', [(5, 10)])
('tx', [(5, 8)])
('near', [(5, 6), (13, 1)])
('hosston', [(5, 1)])
('rusk', [(5, 2)])
('panola', [(5, 2)])
('tyler', [(5, 1)])
('calion', [(5, 1)])
('ar', [(5, 3)])
('angelina', [(5, 1)])
('central', [(5, 4)])
('arbonn', [(5, 1)])
('soon', [(5, 2)])
('delta', [(5, 1)])
('bend', [(5, 1)])
('weak', [(5, 1), (13, 1)])
('impact', [(5, 1)])
('mccurtain', [(5, 1)])
('ok', [(5, 1)])
('u00a0veri', [(5, 1)])
('grant', [(5, 1)])
('claiborn', [(5, 1)])
('winnsboro', [(5, 1)])
('straight', [(5, 1)])
('shelbi', [(5, 1)])
('soto', [(5, 1)])
('u00a0', [(5, 1), (11, 2), (13, 3)])
('alto', [(5, 1)])
('webster', [(5, 2)])
('coushatta', [(5, 1)])
('ef2', [(5, 1)])
('mixon', [(5, 1)])
('longview', [(5, 1)])
('deep', [(5, 1)])
('christma', [(5, 1), (12, 1), (13, 1)])
('explos', [(5, 1)])
('fall', [(6, 1)])
('mt', [(6, 1), (10, 1)])
('idaho', [(7, 1)])
('outflow', [(7, 1)])
('pileup', [(7, 1)])
('strong', [(7, 2)])
('phoenix', [(8, 1)])
('statement', [(8, 1)])
('gray', [(9, 1)])
('evalu', [(9, 1)])
('nation', [(9, 1)])
('predict', [(9, 1)])
('servic', [(9, 1), (11, 1)])
('nwps', [(9, 1)])
('websit', [(9, 1)])
('philadelphia', [(10, 1)])
('holli', [(10, 1)])
('vernon', [(10, 1)])
('wilmington', [(11, 1)])
('nc', [(11, 1), (13, 6)])
('forecast', [(11, 1)])
('waccamaw', [(11, 1)])
('2024', [(11, 1)])
('record', [(11, 1)])
('break', [(11, 1)])
('1984', [(11, 2), (13, 2)])
('eclips', [(11, 1)])
('helen', [(11, 1)])
('sc', [(12, 1)])
('morehead', [(13, 2)])
('arthur', [(13, 1)])
('gustnado', [(13, 1)])
('hit', [(13, 2)])
('beach', [(13, 2)])
('u00a0waterspout', [(13, 1)])
('outer', [(13, 1)])
('post', [(13, 1)])
('sleet', [(13, 1)])
('beaufort', [(13, 4)])
('minor', [(13, 1)])
('sandi', [(13, 1)])
('coastal', [(13, 4)])
('10th', [(13, 1)])
('weekend', [(13, 1)])
('havelock', [(13, 1)])
('top', [(13, 1)])
('supercel', [(13, 1)])
('06', [(13, 2)])
('mother', [(13, 1)])
('duplin', [(13, 1)])
('05', [(13, 2)])
('pitt', [(13, 1)])
('martin', [(13, 1)])
('gabriell', [(13, 1)])
('precipit', [(13, 1)])
('inch', [(13, 1)])
('pamlico', [(13, 1)])
('jeann', [(13, 1)])
('remnant', [(13, 1)])
('bonni', [(13, 2)])
('kinston', [(13, 1)])
('isabel', [(13, 1)])
('gustav', [(13, 1)])
('1993', [(13, 1)])
('emili', [(13, 1)])
('jacksonvill', [(13, 1)])
('gloria', [(13, 1)])
('diana', [(13, 1)])
('1980', [(13, 1)])
('conni', [(13, 1)])
('hazel', [(13, 1)])
