('review', [(0, 3)])
('juli', [(0, 3), (1, 20), (3, 1), (4, 5), (7, 1), (10, 1), (13, 6)])
('21', [(0, 3), (1, 2), (3, 1), (4, 3), (5, 3), (11, 1), (13, 2)])
('event', [(0, 8), (1, 2), (7, 3), (13, 24)])
('august', [(0, 2), (1, 11), (3, 1), (4, 7), (5, 3), (7, 1), (13, 13)])
('2020', [(0, 1), (1, 2), (4, 9), (5, 9), (6, 1), (7, 3), (13, 2)])
('first', [(0, 1)])
('6', [(0, 1), (4, 2), (7, 1), (13, 1)])
('year', [(0, 1)])
('2019', [(0, 1), (1, 4), (4, 6), (5, 8), (13, 3)])
('weather', [(0, 4), (1, 7), (4, 5), (5, 7), (13, 6)])
('signific', [(0, 1)])
('wind', [(0, 4), (1, 1), (4, 11), (5, 5), (6, 1), (7, 2), (13, 4)])
('76', [(0, 1)])
('north', [(0, 1), (3, 1), (5, 6)])
('18', [(0, 3), (1, 2), (3, 1), (4, 5), (5, 2), (13, 5)])
('2018', [(0, 2), (1, 5), (3, 2), (4, 3), (5, 5), (6, 1), (7, 1), (13, 2)])
('microburst', [(0, 2), (4, 2), (7, 1), (10, 1)])
('high', [(0, 2), (1, 1), (4, 2), (13, 1)])
('4', [(0, 1), (1, 1), (3, 1), (4, 3), (5, 2), (13, 1)])
('2017', [(0, 2), (1, 9), (3, 1), (4, 12), (5, 6), (13, 5)])
('associ', [(0, 2), (13, 1)])
('new', [(0, 2), (3, 3), (8, 1)])
('2011', [(0, 1), (1, 7), (3, 2), (4, 5), (5, 5), (10, 1), (13, 9)])
('2010', [(0, 3), (1, 2), (3, 1), (4, 2), (5, 6), (13, 4)])
('7', [(0, 1), (1, 2), (3, 1), (4, 4), (5, 2), (7, 1), (13, 4)])
('26', [(0, 1), (1, 4), (2, 1), (4, 4), (5, 2), (13, 6)])
('champlain', [(0, 1)])
('valley', [(0, 1)])
('2013', [(0, 1), (1, 2), (3, 2), (4, 6), (5, 4), (13, 3)])
('januari', [(0, 1), (1, 4), (3, 1), (4, 17), (5, 9), (7, 1), (11, 2), (13, 11)])
('31', [(0, 1), (1, 3), (3, 1), (4, 5), (5, 1), (7, 1), (13, 2)])
('day', [(0, 1), (3, 2), (5, 1), (13, 4)])
('anniversari', [(0, 1)])
('montpeli', [(0, 1)])
('ice', [(0, 1), (13, 1)])
('ny', [(1, 2), (3, 1)])
('2023', [(1, 5), (4, 8), (5, 3), (8, 1), (9, 1), (12, 1), (13, 1)])
('24', [(1, 6), (4, 8), (5, 5), (13, 3)])
('april', [(1, 5), (2, 1), (3, 2), (4, 29), (5, 17), (7, 1), (13, 11)])
('22', [(1, 3), (3, 1), (4, 1), (5, 3), (8, 1), (13, 2)])
('07', [(1, 3), (13, 1)])
('storm', [(1, 23), (3, 4), (4, 23), (5, 1), (7, 1), (13, 4)])
('2021', [(1, 5), (3, 1), (4, 7), (5, 13)])
('13', [(1, 3), (3, 1), (4, 9), (5, 6), (6, 1), (7, 2), (13, 6)])
('15', [(1, 1), (4, 3), (5, 1), (9, 1), (13, 3)])
('3', [(1, 1), (4, 5), (5, 2), (13, 1)])
('2014', [(1, 3), (4, 4), (5, 3), (13, 3)])
('5', [(1, 1), (4, 5), (5, 3), (13, 2)])
('29', [(1, 4), (4, 3), (5, 3), (10, 1), (13, 2)])
('10', [(1, 1), (3, 1), (4, 5), (5, 1), (13, 3)])
('2008', [(1, 3), (4, 2), (13, 8)])
('decemb', [(1, 4), (3, 1), (4, 7), (5, 6), (7, 1), (8, 1), (9, 1), (12, 1), (13, 6)])
('survey', [(1, 2)])
('2004', [(1, 1), (4, 4), (13, 13)])
('verona', [(1, 1)])
('1890', [(1, 1)])
('01', [(1, 1), (13, 4)])
('14', [(1, 4), (3, 4), (4, 3), (13, 2)])
('03', [(1, 1), (13, 2)])
('02', [(1, 1), (13, 1)])
('sullivan', [(1, 1)])
('novemb', [(1, 1), (4, 10), (5, 8), (7, 1), (13, 4)])
('16', [(1, 2), (4, 5), (5, 3), (13, 3)])
('09', [(1, 1), (13, 2)])
('air', [(1, 1)])
('cold', [(1, 1), (4, 1), (11, 1)])
('temperatur', [(1, 2), (6, 1)])
('low', [(1, 1), (3, 1), (4, 1), (6, 1), (13, 1)])
('climat', [(1, 1)])
('amount', [(1, 1)])
('excess', [(1, 1)])
('charleston', [(2, 1), (12, 1)])
('wv', [(2, 1)])
('ef', [(2, 1), (4, 2), (5, 2), (13, 3)])
('greenup', [(2, 1)])
('west', [(2, 1), (5, 2)])
('brief', [(3, 2), (5, 8)])
('1938', [(3, 2)])
('long', [(3, 1), (11, 1)])
('island', [(3, 1)])
('bertha', [(3, 1), (13, 1)])
('earli', [(3, 3)])
('season', [(3, 2)])
('carolina', [(3, 1), (11, 1)])
('warren', [(3, 1)])
('2005', [(3, 1), (4, 3), (13, 8)])
('iren', [(3, 1), (13, 1)])
('schohari', [(3, 1)])
('herkim', [(3, 1)])
('1976', [(3, 1)])
('snowstorm', [(3, 2), (13, 5)])
('valentin', [(3, 1), (13, 1)])
('weaken', [(3, 1)])
('pressur', [(3, 1)])
('brought', [(3, 1)])
('light', [(3, 1), (13, 2)])
('snow', [(3, 1), (4, 10), (5, 2), (13, 9)])
('mid', [(3, 1)])
('morn', [(3, 1), (6, 2)])
('0', [(4, 2)])
('plateau', [(4, 1)])
('cumberland', [(4, 5)])
('laura', [(4, 1), (5, 1)])
('wilson', [(4, 5)])
('clarksvill', [(4, 2), (5, 1)])
('harvey', [(4, 1)])
('donelson', [(4, 1)])
('perri', [(4, 1)])
('lewi', [(4, 2)])
('mauri', [(4, 1)])
('17', [(4, 6), (5, 1), (11, 1), (13, 2)])
('metro', [(4, 1)])
('bedford', [(4, 1)])
('lawrenc', [(4, 1)])
('gile', [(4, 1)])
('good', [(4, 1)])
('friday', [(4, 1)])
('davidson', [(4, 3)])
('cheatham', [(4, 1)])
('fentress', [(4, 1)])
('wayn', [(4, 1)])
('white', [(4, 1)])
('benton', [(4, 1), (5, 1)])
('u00a0wind', [(4, 1), (13, 1)])
('rita', [(4, 1)])
('river', [(4, 1), (5, 1), (11, 2)])
('ivan', [(4, 1)])
('putnam', [(4, 2)])
('u00a0hickman', [(4, 1)])
('cloud', [(4, 1)])
('cannon', [(4, 1)])
('2000', [(4, 2)])
('lincoln', [(4, 1)])
('1999', [(4, 2), (5, 1), (13, 2)])
('linden', [(4, 1)])
('1995', [(4, 1)])
('lebanon', [(4, 1)])
('1988', [(4, 1)])
('1974', [(4, 1)])
('1971', [(4, 1), (13, 1)])
('red', [(4, 1), (5, 1)])
('spring', [(4, 1)])
('1969', [(4, 1)])
('middl', [(4, 1)])
('1934', [(4, 1)])
('1933', [(4, 2)])
('1923', [(4, 1)])
('columbia', [(4, 1)])
('1909', [(4, 1)])
('1900', [(4, 1)])
('shreveport', [(5, 1)])
('la', [(5, 7)])
('multipl', [(5, 4)])
('arkansa', [(5, 2)])
('caldwel', [(5, 1)])
('arklatex', [(5, 4)])
('winona', [(5, 1)])
('detroit', [(5, 1)])
('three', [(5, 1), (13, 1)])
('qlcs', [(5, 1)])
('sabin', [(5, 1)])
('reklaw', [(5, 1)])
('minden', [(5, 1)])
('hail', [(5, 3), (13, 4)])
('state', [(5, 4)])
('region', [(5, 3)])
('union', [(5, 1)])
('d', [(5, 1)])
('park', [(5, 1)])
('caddo', [(5, 3)])
('come', [(5, 2)])
('southwest', [(5, 1)])
('waterspout', [(5, 1), (13, 1)])
('toledo', [(5, 1)])
('numer', [(5, 1)])
('larg', [(5, 1), (13, 1)])
('bossier', [(5, 3)])
('citi', [(5, 1), (13, 2)])
('homer', [(5, 2)])
('fork', [(5, 1)])
('line', [(5, 1)])
('south', [(5, 1)])
('hope', [(5, 1)])
('melros', [(5, 1)])
('titus', [(5, 1)])
('confirm', [(5, 1)])
('hallsvill', [(5, 1)])
('mansfield', [(5, 1)])
('pittsburg', [(5, 1)])
('rain', [(5, 1), (7, 1), (13, 1)])
('ef4', [(5, 1)])
('dierk', [(5, 1)])
('andrew', [(5, 1)])
('chill', [(6, 1)])
('pocatello', [(7, 1)])
('id', [(7, 1)])
('multicar', [(7, 1)])
('nws', [(8, 1), (11, 1)])
('drought', [(8, 1)])
('inform', [(8, 1)])
('issu', [(8, 1)])
('solicit', [(9, 1)])
('comment', [(9, 1)])
('regard', [(9, 1)])
('water', [(9, 1)])
('twp', [(10, 1)])
('begin', [(11, 1)])
('1985', [(11, 1), (13, 2)])
('annular', [(11, 1)])
('solar', [(11, 1)])
('1958', [(11, 1)])
('eve', [(12, 1)])
('newport', [(13, 1)])
('isaia', [(13, 1)])
('dorian', [(13, 1)])
('hyde', [(13, 1)])
('emerald', [(13, 2)])
('isl', [(13, 2)])
('atlant', [(13, 2)])
('bank', [(13, 1)])
('u00a0bethel', [(13, 1)])
('jone', [(13, 2)])
('u00a0wint', [(13, 2)])
('cyclon', [(13, 1)])
('colin', [(13, 1)])
('u00a0sever', [(13, 1)])
('davi', [(13, 1)])
('pantego', [(13, 1)])
('belhaven', [(13, 1)])
('beryl', [(13, 1)])
('earl', [(13, 1)])
('norida', [(13, 1)])
('tornad', [(13, 1)])
('hanna', [(13, 1)])
('downburst', [(13, 2)])
('lenoir', [(13, 1)])
('04', [(13, 2)])
('scatter', [(13, 1)])
('ernesto', [(13, 1)])
('hailstorm', [(13, 1)])
('ophelia', [(13, 1)])
('charley', [(13, 2)])
('alex', [(13, 1)])
('carteret', [(13, 1)])
('decad', [(13, 1)])
('floyd', [(13, 1)])
('tornadocan', [(13, 1)])
('fran', [(13, 1)])
('bob', [(13, 1)])
('1986', [(13, 2)])
('coldest', [(13, 1)])
('centuri', [(13, 3)])
('ginger', [(13, 1)])
('1955', [(13, 2)])
('ion', [(13, 1)])
('1954', [(13, 1)])
